x <- 2
# 2 -> x
y <- 3
# 3 -> y

x+y  #5
x-y  #-1
x*y  #6
x/y  #0.666
x^y  #8
x%%y #2
x%/%y #0